,QB,GWD,PGWD,PWins,Plosses,Total_PGames,PWin%,PGWD%,SBWin_QB,SBLosing_QB,Total_SB
0,Tom Brady,53.0,14.0,35.0,12.0,47.0,0.74,0.3,7.0,3.0,10.0
1,John Elway,40.0,6.0,14.0,7.0,21.0,0.67,0.29,2.0,3.0,5.0
2,Eli Manning,37.0,5.0,8.0,4.0,12.0,0.67,0.42,2.0,0.0,2.0
3,Joe Montana,28.0,5.0,16.0,7.0,23.0,0.7,0.22,4.0,0.0,4.0
4,Terry Bradshaw,23.0,4.0,14.0,5.0,19.0,0.74,0.21,4.0,0.0,4.0
5,Dan Marino,47.0,4.0,8.0,10.0,18.0,0.44,0.22,0.0,1.0,1.0
6,Ben Roethlisberger,53.0,4.0,13.0,10.0,23.0,0.57,0.17,2.0,1.0,3.0
7,Russell Wilson,32.0,4.0,9.0,7.0,16.0,0.56,0.25,1.0,1.0,2.0
8,Kurt Warner,11.0,3.0,9.0,4.0,13.0,0.69,0.23,1.0,2.0,3.0
9,Matthew Stafford,42.0,3.0,4.0,3.0,7.0,0.57,0.43,1.0,0.0,1.0
10,Ken Stabler,23.0,3.0,7.0,5.0,12.0,0.58,0.25,1.0,0.0,1.0
11,Dan Fouts,23.0,3.0,3.0,4.0,7.0,0.43,0.43,0.0,0.0,0.0
12,Drew Brees,53.0,3.0,9.0,9.0,18.0,0.5,0.17,1.0,0.0,1.0
13,Joe Theismann,22.0,2.0,6.0,2.0,8.0,0.75,0.25,1.0,1.0,2.0
14,Danny White,14.0,2.0,5.0,5.0,10.0,0.5,0.2,0.0,0.0,0.0
15,Norm Van Brocklin,16.0,2.0,2.0,2.0,4.0,0.5,0.5,0.0,0.0,0.0
16,Johnny Unitas,38.0,2.0,6.0,2.0,8.0,0.75,0.25,1.0,0.0,1.0
17,Roger Staubach,21.0,2.0,11.0,6.0,17.0,0.65,0.12,2.0,2.0,4.0
18,Mark Sanchez,10.0,2.0,4.0,2.0,6.0,0.67,0.33,0.0,0.0,0.0
19,Aaron Rodgers,27.0,2.0,11.0,10.0,21.0,0.52,0.1,1.0,0.0,1.0
20,Earl Morrall,11.0,2.0,4.0,1.0,5.0,0.8,0.4,0.0,0.0,0.0
21,Warren Moon,35.0,2.0,3.0,7.0,10.0,0.3,0.2,0.0,0.0,0.0
22,Steve McNair,21.0,2.0,5.0,5.0,10.0,0.5,0.2,0.0,1.0,1.0
23,Peyton Manning,54.0,2.0,14.0,13.0,27.0,0.52,0.07,2.0,2.0,4.0
24,Patrick Mahomes,10.0,2.0,8.0,3.0,11.0,0.73,0.18,1.0,1.0,2.0
25,Stan Humphries,10.0,2.0,3.0,3.0,6.0,0.5,0.33,0.0,1.0,1.0
26,Joe Burrow,3.0,2.0,3.0,1.0,4.0,0.75,0.5,0.0,1.0,1.0
27,Randall Cunningham,24.0,2.0,3.0,6.0,9.0,0.33,0.22,0.0,0.0,0.0
28,Len Dawson,16.0,2.0,5.0,3.0,8.0,0.62,0.25,0.0,0.0,0.0
29,Brett Favre,43.0,2.0,13.0,11.0,24.0,0.54,0.08,1.0,1.0,2.0
30,Colin Kaepernick,7.0,2.0,4.0,2.0,6.0,0.67,0.33,0.0,1.0,1.0
31,Joe Flacco,24.0,2.0,10.0,5.0,15.0,0.67,0.13,1.0,0.0,1.0
32,Nick Foles,13.0,2.0,4.0,2.0,6.0,0.67,0.33,1.0,0.0,1.0
33,Jeff Garcia,17.0,2.0,2.0,4.0,6.0,0.33,0.33,0.0,0.0,0.0
34,Otto Graham,8.0,2.0,4.0,3.0,7.0,0.57,0.29,0.0,0.0,0.0
49,Matt Hasselbeck,24.0,2.0,5.0,6.0,11.0,0.45,0.18,0.0,1.0,1.0
50,Jeff Hostetler,10.0,2.0,4.0,1.0,5.0,0.8,0.4,1.0,0.0,1.0
51,Frank Reich,2.0,1.0,2.0,0.0,2.0,1.0,0.5,0.0,0.0,0.0
52,Sid Luckman,4.0,1.0,5.0,1.0,6.0,0.83,0.17,0.0,0.0,0.0
53,Dak Prescott,17.0,1.0,1.0,3.0,4.0,0.25,0.25,0.0,0.0,0.0
54,Jim Plunkett,22.0,1.0,8.0,2.0,10.0,0.8,0.1,2.0,0.0,2.0
55,Chad Pennington,10.0,1.0,2.0,4.0,6.0,0.33,0.17,0.0,0.0,0.0
56,Dan Pastorini,19.0,1.0,3.0,2.0,5.0,0.6,0.2,0.0,0.0,0.0
57,Carson Palmer,35.0,1.0,1.0,3.0,4.0,0.25,0.25,0.0,0.0,0.0
58,Neil O'Donnell,18.0,1.0,3.0,4.0,7.0,0.43,0.14,0.0,1.0,1.0
59,Joe Namath,15.0,1.0,2.0,1.0,3.0,0.67,0.33,0.0,0.0,0.0
60,Craig Morton,21.0,1.0,5.0,5.0,10.0,0.5,0.1,0.0,2.0,2.0
61,Chris Miller,11.0,1.0,1.0,1.0,2.0,0.5,0.5,0.0,0.0,0.0
62,Donovan McNabb,24.0,1.0,9.0,7.0,16.0,0.56,0.06,0.0,1.0,1.0
63,Marcus Mariota,11.0,1.0,1.0,1.0,2.0,0.5,0.5,0.0,0.0,0.0
64,Mark Malone,7.0,1.0,1.0,1.0,2.0,0.5,0.5,0.0,0.0,0.0
65,Tommy Maddox,3.0,1.0,1.0,1.0,2.0,0.5,0.5,0.0,0.0,0.0
66,Philip Rivers,35.0,1.0,5.0,7.0,12.0,0.42,0.08,0.0,0.0,0.0
67,Tony Romo,29.0,1.0,2.0,4.0,6.0,0.33,0.17,0.0,0.0,0.0
68,Tobin Rote,7.0,1.0,3.0,1.0,4.0,0.75,0.25,0.0,0.0,0.0
69,Matt Ryan,42.0,1.0,4.0,6.0,10.0,0.4,0.1,0.0,1.0,1.0
70,Jay Schroeder,17.0,1.0,3.0,2.0,5.0,0.6,0.2,0.0,0.0,0.0
71,Alex Smith,23.0,1.0,2.0,5.0,7.0,0.29,0.14,0.0,0.0,0.0
72,Bart Starr,17.0,1.0,9.0,1.0,10.0,0.9,0.1,0.0,0.0,0.0
73,Fran Tarkenton,33.0,1.0,6.0,5.0,11.0,0.55,0.09,0.0,3.0,3.0
74,Tim Tebow,6.0,1.0,1.0,1.0,2.0,0.5,0.5,0.0,0.0,0.0
75,Tommy Thompson,5.0,1.0,3.0,1.0,4.0,0.75,0.25,0.0,0.0,0.0
76,Richard Todd,14.0,1.0,2.0,2.0,4.0,0.5,0.25,0.0,0.0,0.0
77,Billy Volek,2.0,1.0,1.0,0.0,1.0,1.0,1.0,0.0,0.0,0.0
78,Deshaun Watson,10.0,1.0,1.0,2.0,3.0,0.33,0.33,0.0,0.0,0.0
79,Doug Williams,20.0,1.0,4.0,3.0,7.0,0.57,0.14,1.0,0.0,1.0
80,Steve Young,16.0,1.0,8.0,6.0,14.0,0.57,0.07,1.0,0.0,1.0
81,David Garrard,17.0,1.0,1.0,1.0,2.0,0.5,0.5,0.0,0.0,0.0
82,Troy Aikman,20.0,1.0,11.0,4.0,15.0,0.73,0.07,3.0,0.0,3.0
83,Ken Anderson,14.0,1.0,2.0,4.0,6.0,0.33,0.17,0.0,1.0,1.0
84,Steve Bartkowski,21.0,1.0,1.0,3.0,4.0,0.25,0.25,0.0,0.0,0.0
86,Bubby Brister,11.0,1.0,1.0,1.0,2.0,0.5,0.5,0.0,0.0,0.0
87,Mark Brunell,22.0,1.0,5.0,5.0,10.0,0.5,0.1,0.0,0.0,0.0
88,Marc Bulger,16.0,1.0,1.0,2.0,3.0,0.33,0.33,0.0,0.0,0.0
89,Chris Chandler,15.0,1.0,2.0,1.0,3.0,0.67,0.33,0.0,1.0,1.0
90,Kirk Cousins,20.0,1.0,1.0,2.0,3.0,0.33,0.33,0.0,0.0,0.0
91,Jake Delhomme,24.0,1.0,5.0,3.0,8.0,0.62,0.12,0.0,1.0,1.0
92,Jim Everett,14.0,1.0,2.0,3.0,5.0,0.4,0.2,0.0,0.0,0.0
93,Vince Ferragamo,5.0,1.0,3.0,3.0,6.0,0.5,0.17,0.0,1.0,1.0
94,Jay Fiedler,9.0,1.0,1.0,2.0,3.0,0.33,0.33,0.0,0.0,0.0
95,Jimmy Garoppolo,10.0,1.0,4.0,2.0,6.0,0.67,0.17,0.0,1.0,1.0
96,Andrew Luck,20.0,1.0,4.0,4.0,8.0,0.5,0.12,0.0,0.0,0.0
97,Jared Goff,10.0,1.0,2.0,3.0,5.0,0.4,0.2,0.0,1.0,1.0
98,Bob Griese,19.0,1.0,6.0,5.0,11.0,0.55,0.09,2.0,1.0,3.0
99,Rex Grossman,9.0,1.0,2.0,2.0,4.0,0.5,0.25,0.0,1.0,1.0
100,Pat Haden,8.0,1.0,2.0,3.0,5.0,0.4,0.2,0.0,0.0,0.0
101,James Harris,9.0,1.0,1.0,2.0,3.0,0.33,0.33,0.0,0.0,0.0
102,Ron Jaworski,23.0,1.0,4.0,4.0,8.0,0.5,0.12,0.0,1.0,1.0
103,Joe Kapp,4.0,1.0,2.0,2.0,4.0,0.5,0.25,0.0,0.0,0.0
104,Case Keenum,10.0,1.0,1.0,1.0,2.0,0.5,0.5,0.0,0.0,0.0
105,Jim Kelly,28.0,1.0,9.0,8.0,17.0,0.53,0.06,0.0,4.0,4.0
106,Shaun King,5.0,1.0,1.0,2.0,3.0,0.33,0.33,0.0,0.0,0.0
107,Bernie Kosar,16.0,1.0,3.0,4.0,7.0,0.43,0.14,0.0,0.0,0.0
108,Tommy Kramer,19.0,1.0,2.0,2.0,4.0,0.5,0.25,0.0,0.0,0.0
109,Dave Krieg,25.0,1.0,3.0,6.0,9.0,0.33,0.11,0.0,0.0,0.0
110,Bobby Layne,18.0,1.0,3.0,1.0,4.0,0.75,0.25,0.0,0.0,0.0
111,Vinny Testaverde,33.0,0.0,2.0,3.0,5.0,0.4,0.0,0.0,0.0,0.0
112,Drew Bledsoe,31.0,0.0,3.0,3.0,6.0,0.5,0.0,0.0,1.0,1.0
113,Derek Carr,30.0,0.0,0.0,1.0,1.0,0.0,0.0,0.0,0.0,0.0
114,Kerry Collins,30.0,0.0,3.0,4.0,7.0,0.43,0.0,0.0,1.0,1.0
115,Jake Plummer,30.0,0.0,2.0,4.0,6.0,0.33,0.0,0.0,0.0,0.0
116,Jay Cutler,28.0,0.0,1.0,1.0,2.0,0.5,0.0,0.0,0.0,0.0
117,Andy Dalton,28.0,0.0,0.0,4.0,4.0,0.0,0.0,0.0,0.0,0.0
118,Brad Johnson,27.0,0.0,4.0,3.0,7.0,0.57,0.0,1.0,0.0,1.0
119,Boomer Esiason,26.0,0.0,3.0,2.0,5.0,0.6,0.0,0.0,1.0,1.0
120,Ryan Tannehill,26.0,0.0,2.0,3.0,5.0,0.4,0.0,0.0,0.0,0.0
121,Steve DeBerg,24.0,0.0,1.0,3.0,4.0,0.25,0.0,0.0,0.0,0.0
122,Joe Ferguson,24.0,0.0,1.0,3.0,4.0,0.25,0.0,0.0,0.0,0.0
123,Jim Hart,23.0,0.0,0.0,3.0,3.0,0.0,0.0,0.0,0.0,0.0
124,Brian Sipe,23.0,0.0,0.0,1.0,1.0,0.0,0.0,0.0,0.0,0.0
125,Y.A. Tittle,23.0,0.0,0.0,0.0,0.0,0.0,0.0,0.0,0.0,0.0
126,John Brodie,22.0,0.0,2.0,3.0,5.0,0.4,0.0,0.0,0.0,0.0
127,Jon Kitna,22.0,0.0,0.0,2.0,2.0,0.0,0.0,0.0,0.0,0.0
128,Rich Gannon,20.0,0.0,4.0,3.0,7.0,0.57,0.0,0.0,1.0,1.0
129,Steve Grogan,20.0,0.0,0.0,4.0,4.0,0.0,0.0,0.0,0.0,0.0
130,Cam Newton,20.0,0.0,3.0,4.0,7.0,0.43,0.0,0.0,1.0,1.0
131,Trent Green,19.0,0.0,0.0,2.0,2.0,0.0,0.0,0.0,0.0,0.0
132,Jim Harbaugh,19.0,0.0,2.0,3.0,5.0,0.4,0.0,0.0,0.0,0.0
133,Norm Snead,19.0,0.0,0.0,0.0,0.0,0.0,0.0,0.0,0.0,0.0
134,Aaron Brooks,18.0,0.0,1.0,1.0,2.0,0.5,0.0,0.0,0.0,0.0
135,Lynn Dickey,18.0,0.0,1.0,1.0,2.0,0.5,0.0,0.0,0.0,0.0
136,Ryan Fitzpatrick,18.0,0.0,0.0,0.0,0.0,0.0,0.0,0.0,0.0,0.0
137,George Blanda,17.0,0.0,2.0,1.0,3.0,0.67,0.0,0.0,0.0,0.0
138,Daunte Culpepper,17.0,0.0,2.0,2.0,4.0,0.5,0.0,0.0,0.0,0.0
139,Jeff George,17.0,0.0,1.0,2.0,3.0,0.33,0.0,0.0,0.0,0.0
140,Charley Johnson,17.0,0.0,0.0,0.0,0.0,0.0,0.0,0.0,0.0,0.0
141,Daryle Lamonica,17.0,0.0,4.0,5.0,9.0,0.44,0.0,0.0,0.0,0.0
142,Phil Simms,17.0,0.0,6.0,4.0,10.0,0.6,0.0,1.0,0.0,1.0
143,Steve Beuerlein,16.0,0.0,1.0,1.0,2.0,0.5,0.0,0.0,0.0,0.0
144,Jeff Blake,16.0,0.0,0.0,0.0,0.0,0.0,0.0,0.0,0.0,0.0
145,Charlie Conerly,16.0,0.0,0.0,0.0,0.0,0.0,0.0,0.0,0.0,0.0
146,Bobby Hebert,16.0,0.0,0.0,0.0,0.0,0.0,0.0,0.0,0.0,0.0
147,Billy Kilmer,16.0,0.0,2.0,5.0,7.0,0.29,0.0,0.0,1.0,1.0
148,Ken O'Brien,16.0,0.0,0.0,0.0,0.0,0.0,0.0,0.0,0.0,0.0
149,Trent Dilfer,15.0,0.0,5.0,1.0,6.0,0.83,0.0,1.0,0.0,1.0
150,Roman Gabriel,15.0,0.0,0.0,0.0,0.0,0.0,0.0,0.0,0.0,0.0
151,John Hadl,15.0,0.0,0.0,0.0,0.0,0.0,0.0,0.0,0.0,0.0
152,Michael Vick,15.0,0.0,2.0,3.0,5.0,0.4,0.0,0.0,0.0,0.0
153,Ed Brown,14.0,0.0,0.0,0.0,0.0,0.0,0.0,0.0,0.0,0.0
154,Sonny Jurgensen,14.0,0.0,0.0,0.0,0.0,0.0,0.0,0.0,0.0,0.0
155,Erik Kramer,14.0,0.0,1.0,2.0,3.0,0.33,0.0,0.0,0.0,0.0
156,Jim McMahon,14.0,0.0,3.0,3.0,6.0,0.5,0.0,1.0,0.0,1.0
157,Rodney Peete,14.0,0.0,1.0,1.0,2.0,0.5,0.0,0.0,0.0,0.0
158,Matt Schaub,14.0,0.0,1.0,1.0,2.0,0.5,0.0,0.0,0.0,0.0
159,Kordell Stewart,14.0,0.0,2.0,2.0,4.0,0.5,0.0,0.0,0.0,0.0
160,Elvis Grbac,13.0,0.0,1.0,2.0,3.0,0.33,0.0,0.0,0.0,0.0
161,Eddie LeBaron,13.0,0.0,0.0,0.0,0.0,0.0,0.0,0.0,0.0,0.0
162,Don Majkowski,13.0,0.0,0.0,0.0,0.0,0.0,0.0,0.0,0.0,0.0
163,Babe Parilli,13.0,0.0,1.0,1.0,2.0,0.5,0.0,0.0,0.0,0.0
164,Vince Young,13.0,0.0,0.0,0.0,0.0,0.0,0.0,0.0,0.0,0.0
165,Matt Cassel,12.0,0.0,0.0,0.0,0.0,0.0,0.0,0.0,0.0,0.0
166,Brian Griese,12.0,0.0,0.0,0.0,0.0,0.0,0.0,0.0,0.0,0.0
167,Neil Lomax,12.0,0.0,0.0,0.0,0.0,0.0,0.0,0.0,0.0,0.0
168,Archie Manning,12.0,0.0,0.0,0.0,0.0,0.0,0.0,0.0,0.0,0.0
169,Mike Phipps,12.0,0.0,0.0,0.0,0.0,0.0,0.0,0.0,0.0,0.0
170,Mark Rypien,12.0,0.0,5.0,2.0,7.0,0.71,0.0,1.0,0.0,1.0
171,Mike Tomczak,12.0,0.0,3.0,2.0,5.0,0.6,0.0,0.0,0.0,0.0
172,Marc Wilson,12.0,0.0,0.0,0.0,0.0,0.0,0.0,0.0,0.0,0.0
173,Jameis Winston,12.0,0.0,0.0,0.0,0.0,0.0,0.0,0.0,0.0,0.0
174,Jim Zorn,12.0,0.0,0.0,0.0,0.0,0.0,0.0,0.0,0.0,0.0
175,Josh Allen,11.0,0.0,3.0,3.0,6.0,0.5,0.0,0.0,0.0,0.0
176,Charlie Batch,11.0,0.0,0.0,0.0,0.0,0.0,0.0,0.0,0.0,0.0
177,David Carr,11.0,0.0,0.0,0.0,0.0,0.0,0.0,0.0,0.0,0.0
178,Tim Couch,11.0,0.0,0.0,0.0,0.0,0.0,0.0,0.0,0.0,0.0
179,Gary Danielson,11.0,0.0,0.0,0.0,0.0,0.0,0.0,0.0,0.0,0.0
180,Bert Jones,11.0,0.0,0.0,0.0,0.0,0.0,0.0,0.0,0.0,0.0
181,Jack Kemp,11.0,0.0,2.0,4.0,6.0,0.33,0.0,0.0,0.0,0.0
182,Billy Wade,11.0,0.0,0.0,0.0,0.0,0.0,0.0,0.0,0.0,0.0
183,Wade Wilson,11.0,0.0,2.0,3.0,5.0,0.4,0.0,0.0,0.0,0.0
184,Bob Avellini,10.0,0.0,0.0,0.0,0.0,0.0,0.0,0.0,0.0,0.0
185,Jason Campbell,10.0,0.0,0.0,0.0,0.0,0.0,0.0,0.0,0.0,0.0
186,Doug Flutie,10.0,0.0,0.0,0.0,0.0,0.0,0.0,0.0,0.0,0.0
187,Josh Freeman,10.0,0.0,0.0,0.0,0.0,0.0,0.0,0.0,0.0,0.0
188,Gus Frerotte,10.0,0.0,0.0,0.0,0.0,0.0,0.0,0.0,0.0,0.0
189,Byron Leftwich,10.0,0.0,0.0,0.0,0.0,0.0,0.0,0.0,0.0,0.0
190,Jack Trudeau,10.0,0.0,0.0,0.0,0.0,0.0,0.0,0.0,0.0,0.0
191,Carson Wentz,10.0,0.0,0.0,0.0,0.0,0.0,0.0,0.0,0.0,0.0
192,Kent Graham,9.0,0.0,0.0,0.0,0.0,0.0,0.0,0.0,0.0,0.0
193,Scott Hunter,9.0,0.0,0.0,0.0,0.0,0.0,0.0,0.0,0.0,0.0
194,Rick Mirer,9.0,0.0,0.0,0.0,0.0,0.0,0.0,0.0,0.0,0.0
195,Scott Mitchell,9.0,0.0,0.0,0.0,0.0,0.0,0.0,0.0,0.0,0.0
196,Kyle Orton,9.0,0.0,0.0,0.0,0.0,0.0,0.0,0.0,0.0,0.0
197,Milt Plum,9.0,0.0,0.0,0.0,0.0,0.0,0.0,0.0,0.0,0.0
198,Frank Ryan,9.0,0.0,1.0,2.0,3.0,0.33,0.0,0.0,0.0,0.0
199,Steve Walsh,9.0,0.0,1.0,2.0,3.0,0.33,0.0,0.0,0.0,0.0
200,Blake Bortles,8.0,0.0,2.0,1.0,3.0,0.67,0.0,0.0,0.0,0.0
201,Sam Bradford,8.0,0.0,0.0,0.0,0.0,0.0,0.0,0.0,0.0,0.0
202,Tony Eason,8.0,0.0,3.0,2.0,5.0,0.6,0.0,0.0,1.0,1.0
203,Jim Finks,8.0,0.0,0.0,0.0,0.0,0.0,0.0,0.0,0.0,0.0
204,Tom Flores,8.0,0.0,0.0,0.0,0.0,0.0,0.0,0.0,0.0,0.0
205,Steve Fuller,8.0,0.0,1.0,1.0,2.0,0.5,0.0,0.0,0.0,0.0
206,Justin Herbert,8.0,0.0,0.0,0.0,0.0,0.0,0.0,0.0,0.0,0.0
207,Damon Huard,8.0,0.0,0.0,0.0,0.0,0.0,0.0,0.0,0.0,0.0
208,Lamar Jackson,8.0,0.0,1.0,3.0,4.0,0.25,0.0,0.0,0.0,0.0
209,Greg Landry,8.0,0.0,0.0,0.0,0.0,0.0,0.0,0.0,0.0,0.0
210,Don Meredith,8.0,0.0,1.0,3.0,4.0,0.25,0.0,0.0,0.0,0.0
211,Matt Moore,8.0,0.0,0.0,0.0,0.0,0.0,0.0,0.0,0.0,0.0
212,Bill Munson,8.0,0.0,0.0,0.0,0.0,0.0,0.0,0.0,0.0,0.0
213,Bill Nelsen,8.0,0.0,2.0,3.0,5.0,0.4,0.0,0.0,0.0,0.0
214,Mike Pagel,8.0,0.0,0.0,0.0,0.0,0.0,0.0,0.0,0.0,0.0
215,Don Strock,8.0,0.0,0.0,0.0,0.0,0.0,0.0,0.0,0.0,0.0
216,Derek Anderson,7.0,0.0,0.0,0.0,0.0,0.0,0.0,0.0,0.0,0.0
217,Tony Banks,7.0,0.0,0.0,0.0,0.0,0.0,0.0,0.0,0.0,0.0
218,Teddy Bridgewater,7.0,0.0,0.0,0.0,0.0,0.0,0.0,0.0,0.0,0.0
219,Scott Brunner,7.0,0.0,1.0,1.0,2.0,0.5,0.0,0.0,0.0,0.0
220,Quincy Carter,7.0,0.0,0.0,0.0,0.0,0.0,0.0,0.0,0.0,0.0
221,John Friesz,7.0,0.0,0.0,0.0,0.0,0.0,0.0,0.0,0.0,0.0
222,Blaine Gabbert,7.0,0.0,0.0,0.0,0.0,0.0,0.0,0.0,0.0,0.0
223,Bruce Gradkowski,7.0,0.0,0.0,0.0,0.0,0.0,0.0,0.0,0.0,0.0
224,Joey Harrington,7.0,0.0,0.0,0.0,0.0,0.0,0.0,0.0,0.0,0.0
225,Mike Livingston,7.0,0.0,0.0,0.0,0.0,0.0,0.0,0.0,0.0,0.0
226,Baker Mayfield,7.0,0.0,1.0,1.0,2.0,0.5,0.0,0.0,0.0,0.0
227,Josh McCown,7.0,0.0,0.0,0.0,0.0,0.0,0.0,0.0,0.0,0.0
228,Kyler Murray,7.0,0.0,0.0,0.0,0.0,0.0,0.0,0.0,0.0,0.0
229,John Skelton,7.0,0.0,0.0,0.0,0.0,0.0,0.0,0.0,0.0,0.0
230,Geno Smith,7.0,0.0,0.0,0.0,0.0,0.0,0.0,0.0,0.0,0.0
231,Mitchell Trubisky,7.0,0.0,0.0,0.0,0.0,0.0,0.0,0.0,0.0,0.0
232,Kyle Boller,6.0,0.0,0.0,0.0,0.0,0.0,0.0,0.0,0.0,0.0
233,Ty Detmer,6.0,0.0,0.0,0.0,0.0,0.0,0.0,0.0,0.0,0.0
234,Gary Hogeboom,6.0,0.0,0.0,0.0,0.0,0.0,0.0,0.0,0.0,0.0
235,Brian Hoyer,6.0,0.0,0.0,0.0,0.0,0.0,0.0,0.0,0.0,0.0
236,Bill Kenney,6.0,0.0,0.0,0.0,0.0,0.0,0.0,0.0,0.0,0.0
237,J.P. Losman,6.0,0.0,0.0,0.0,0.0,0.0,0.0,0.0,0.0,0.0
238,Lamar McHan,6.0,0.0,0.0,0.0,0.0,0.0,0.0,0.0,0.0,0.0
239,Jim Miller,6.0,0.0,0.0,0.0,0.0,0.0,0.0,0.0,0.0,0.0
240,Tyrod Taylor,6.0,0.0,0.0,0.0,0.0,0.0,0.0,0.0,0.0,0.0
241,Frank Tripucka,6.0,0.0,0.0,0.0,0.0,0.0,0.0,0.0,0.0,0.0
242,Bob Berry,5.0,0.0,0.0,0.0,0.0,0.0,0.0,0.0,0.0,0.0
243,Steve Bono,5.0,0.0,0.0,0.0,0.0,0.0,0.0,0.0,0.0,0.0
244,Rudy Bukich,5.0,0.0,0.0,0.0,0.0,0.0,0.0,0.0,0.0,0.0
245,Cody Carlson,5.0,0.0,0.0,0.0,0.0,0.0,0.0,0.0,0.0,0.0
246,Todd Collins,5.0,0.0,0.0,0.0,0.0,0.0,0.0,0.0,0.0,0.0
247,Gary Cuozzo,5.0,0.0,0.0,0.0,0.0,0.0,0.0,0.0,0.0,0.0
248,Steve Dils,5.0,0.0,0.0,0.0,0.0,0.0,0.0,0.0,0.0,0.0
249,Al Dorow,5.0,0.0,0.0,0.0,0.0,0.0,0.0,0.0,0.0,0.0
250,Trent Edwards,5.0,0.0,0.0,0.0,0.0,0.0,0.0,0.0,0.0,0.0
251,Vince Evans,5.0,0.0,0.0,0.0,0.0,0.0,0.0,0.0,0.0,0.0
252,A.J. Feeley,5.0,0.0,0.0,0.0,0.0,0.0,0.0,0.0,0.0,0.0
253,Johnny Green,5.0,0.0,0.0,0.0,0.0,0.0,0.0,0.0,0.0,0.0
254,Robert Griffin III,5.0,0.0,0.0,0.0,0.0,0.0,0.0,0.0,0.0,0.0
255,Chad Henne,5.0,0.0,0.0,0.0,0.0,0.0,0.0,0.0,0.0,0.0
256,Shaun Hill,5.0,0.0,0.0,0.0,0.0,0.0,0.0,0.0,0.0,0.0
257,Jeff Kemp,5.0,0.0,0.0,0.0,0.0,0.0,0.0,0.0,0.0,0.0
258,Bob Lee,5.0,0.0,1.0,2.0,3.0,0.33,0.0,0.0,0.0,0.0
259,Colt McCoy,5.0,0.0,0.0,0.0,0.0,0.0,0.0,0.0,0.0,0.0
260,Paul McDonald,5.0,0.0,0.0,0.0,0.0,0.0,0.0,0.0,0.0,0.0
261,Hugh Millen,5.0,0.0,0.0,0.0,0.0,0.0,0.0,0.0,0.0,0.0
262,Brock Osweiler,5.0,0.0,1.0,1.0,2.0,0.5,0.0,0.0,0.0,0.0
263,Steve Ramsey,5.0,0.0,0.0,0.0,0.0,0.0,0.0,0.0,0.0,0.0
264,Jeff Rutledge,5.0,0.0,0.0,0.0,0.0,0.0,0.0,0.0,0.0,0.0
265,Dennis Shaw,5.0,0.0,0.0,0.0,0.0,0.0,0.0,0.0,0.0,0.0
266,Bobby Thomason,5.0,0.0,0.0,0.0,0.0,0.0,0.0,0.0,0.0,0.0
267,Billy Joe Tolliver,5.0,0.0,0.0,0.0,0.0,0.0,0.0,0.0,0.0,0.0
268,David Woodley,5.0,0.0,3.0,2.0,5.0,0.6,0.0,0.0,1.0,1.0
269,Dave Brown,4.0,0.0,0.0,0.0,0.0,0.0,0.0,0.0,0.0,0.0
270,Sam Darnold,4.0,0.0,0.0,0.0,0.0,0.0,0.0,0.0,0.0,0.0
271,Cotton Davidson,4.0,0.0,0.0,0.0,0.0,0.0,0.0,0.0,0.0,0.0
272,Bobby Douglass,4.0,0.0,0.0,0.0,0.0,0.0,0.0,0.0,0.0,0.0
273,Mike Glennon,4.0,0.0,0.0,0.0,0.0,0.0,0.0,0.0,0.0,0.0
274,Taylor Heinicke,4.0,0.0,0.0,0.0,0.0,0.0,0.0,0.0,0.0,0.0
275,Eric Hipple,4.0,0.0,0.0,0.0,0.0,0.0,0.0,0.0,0.0,0.0
276,Tarvaris Jackson,4.0,0.0,0.0,0.0,0.0,0.0,0.0,0.0,0.0,0.0
277,Rob Johnson,4.0,0.0,0.0,0.0,0.0,0.0,0.0,0.0,0.0,0.0
278,Jamie Martin,4.0,0.0,0.0,0.0,0.0,0.0,0.0,0.0,0.0,0.0
279,Gardner Minshew II,4.0,0.0,0.0,0.0,0.0,0.0,0.0,0.0,0.0,0.0
280,Steve Pelluer,4.0,0.0,0.0,0.0,0.0,0.0,0.0,0.0,0.0,0.0
281,JaMarcus Russell,4.0,0.0,0.0,0.0,0.0,0.0,0.0,0.0,0.0,0.0
282,Drew Stanton,4.0,0.0,0.0,0.0,0.0,0.0,0.0,0.0,0.0,0.0
283,Cliff Stoudt,4.0,0.0,0.0,0.0,0.0,0.0,0.0,0.0,0.0,0.0
284,Tua Tagovailoa,4.0,0.0,0.0,0.0,0.0,0.0,0.0,0.0,0.0,0.0
